%YAML:1.0  #TODO: INSERT CORRECT PARAMETERS!
---
model_type: KANNALA_BRANDT
camera_name: "tracking_down"
image_width: 1280
image_height: 800
distortion_parameters:
  k1: 6.3196497080836120e-02
  k2: 6.1335750392641853e-03
  p1: 6.6392451051821098e-03
  p2: -4.3786375972630171e-03
projection_parameters:
  fx: 4.6623259900741300e+02
  fy: 4.6591852811669406e+02
  cx: 6.5291666509233187e+02
  cy: 4.0895917018296109e+02
