%YAML:1.0  #TODO: INSERT CORRECT PARAMETERS!
---
model_type: KANNALA_BRANDT
camera_name: "tracking_front"
image_width: 1280
image_height: 800
distortion_parameters:
  k1: 6.4260883013039338e-02
  k2: -2.0114113644202417e-03
  p1: 1.0885755848147091e-02
  p2: -5.1687604393343784e-03
projection_parameters:
  fx: 4.6797250326567661e+02
  fy: 4.6774817291476865e+02
  cx: 6.0926612347180367e+02
  cy: 4.0129030442853411e+02
